356

agmen: 3111333133 1, 64, 1.
3133111333 3313311 3, 37, 4
3131111, 73, 3.

3133313 333131 68, 1.

311331, 59, 2.

31133131, 2, 1,- 31133 3313 3,
47, 2; 33333 31133131, 85, 3,
31333113 333, 73, 3.

31133-(1311332,14,1; 3111-

= 3133,119,;53333-311333,

21,1;3113331’1313333333,96,1.
31333336 31313333 36, 2.
T Amp ius3, 195,1,
31331133 1313331133, 23, 2.
33 (131312, 32, 3. 6.
Α33333131, 473
3333138133.3.1)131.3,191,4.
33333133, 2, 2.
animum advertere 3136 1,
33113331, 21, 6· 3311332, 4, 3,
3133. 3 Ρ131.2, 34, 6, animi
3333113632, 38, 2;- =,Mut3
20, 3. 1
3333331, 52, 1.
33133363133,36,1.
331331333311, 43, 3.
33113311332,2, 1.

6. Antonius 3, 8, 4.

Μ. Α3133133 1, 18, 2.

33311332, 35, 2.

3333131332,2, 1.

33133 13311331333333, 111, 3.

apud = vor 3 Versammlungl,
7,1;3316136133331333,37, 1.

3331111313, 64, 3.

31311313, 1, 2.

arbitror 33331113333, 6, 3.

3113313 331331 36, 2.

armatura: 131133. 2, 34, 3.

Asy 3631331, 26, 2.

31 nach 33331333, 25, 3.

31333133361, 6, 6; contra 31-
3333, 12, 2; 3113313363, 49,

4;52, 2, 31333 313 3, 76, 1;

333333 a neve3, 73, 2.

Α111331, 12, 3.

Α11133113 modi 1, 19, 2; At-
11331133 633 3313111333 1, 36,

3111111113 ι, 60, 1.

auctor 1-33131) 1,26,4; 3, 57, 2.

REGISTER &BER DIE ANMERKUNGEN.

33313111331, 35, 1. 3.

Aufforderung ohne 1112, 4, 3.

Ausfiihrlichkeit1, 65,1.

gemuere 3331631333 3. 111-
1143131333.

1331333333 633 Ρ13333ι333 3.
331. 333. 1, 36, 3.

3313313, 11, 4.’

3311113133, 9, 3; 59, 2, auxi·
1133, 106, 3.

3133333331 631 0331333333

1113113131, 61, 1.

Β.

3333113131111, 73, 2
33331131332, 3,2 1.
Β1331333, 31, 3
33316331, 41, 1.

D. Β131331, 36, 3.
333133(1οι1’2,3’5,7.

C.

33611 3136 3333363313, 73, 4.

Ο333111331131ι131,23, 2.

3333331, 26, 4.

03311331, 2, 4.

L. Caesar 1, 8, 2.

Sex. Caesar 2, 26, 7.

3331131331, 39, 1.

03133333, 56, 1'.

31. 1131161331, 2, 3.

Ο. (1311131333, 34, 2.

1111113331313, 3.

capere 1333312, 41,1·,333. ex
333113333, 59, 2

3331331332, 16, 3.

3113111332, 5, 1.

caput: 3331113 3331331132, 32, 9.

331 3131, 63, 2.

L. 33313’,’33 34,.2

Q (13331331, 21, 3

3331133133, 25, 3.

(132 3 ιι3 s5 ,u3d Sata 3333133333 3133

causae 33333, 72, 211111.

333311, 33,1; 81311333 142, 2.

336313 13331, 44, 2.

33333131, 2, 3.

333132, 9, 3.

certe: 3313331 3. 2, 27, 2.

 

