364

1111111113, 3, 2.
1111111111 36, 3; 2, 21, 2.
purgatus 11111, 8, 3’.

qua3, 23, 1.

111111111111167,1.

1111111111 111113 12, 2.

111112, 31, 3.

1111111111111, 23, 4.

qua=sedl, 6 6 im dritten
11111111,71,2;111111Ρ111-
11111111113, 42, ,ἒ [5333 que
nac neafneve

111 1. conj. concessiv 1, 64, 83
11111111111,66,1·,111111111
2, 213· 1111111111 3, 83,;2
in quibus ιι iniis, 11111111
3136 1111111333112
11111 aui Stddtenamen 11111111

3,7,9 3Κ1Α.

1111111111. 2, 32, 9.

111 'In.defin (nequi, 1111113, 38, 2.

11113, 39, 4.

quidam 81111111, 44, 2.

111111111112, 27,;2 adversa-
1113, 71, 2.

1111- 111111211211111
non 111111, (11113, 94, 3.

quisque: cuiusquegenerist, 3121
1111 (11111111, 832, = nter-
que2, 28, 4.

111811 13 1111111111] 9, 6· ,113
1118111111111 1.,,492;3,,.194

1111, 111. inf.g 1, 86,1.

1111111711111111111111.

1111111111, 41, 3, 3, 76, 1.

quoqueversnsl, 23, 6.

R.

11111ΕΙ consiliumt, 33, 1; ¹·
ξθ1111Ξ11113,92,3;111111111111-
3re3= le. Berechnung anatellen

re(d)' 11 Compos. 2, 14, 1.

receptura 53, 2, 2, 36, 3.

reciperer, 12, 2; 3331 118,
78,;12,,;’,’,2653172;1.-11
111. 3,16, 3.

1111111111112, 13, 4.

1111111113, 72, 1.

111111, 71 2.

1111111113, 13, 6.

1111111111 daea 1111 1111111111111.

reddere (litterariae.) 1,1,1;
1. 1111111112, 18, 3.
redire ad3, 18, 2, 93, 2.
referreadsenatum, derep. 1,
1111111111111131.
172, 3, 1111111113, 37, 3.
1111111113, 99, 3,
111111111123, 6.
31111333111 3333
1111111111.
1111111111213714.
relinquitur, 111,’,’;292 omni-
bus qrebus 111111113162, 1.
1111111113,19,4; 1111111111
1111)3,3, 1.
1111111113, 36, 2.
1111111113111.
remulco abstraherer, 23, 3.
1111111112, 41, 3.
res: quarum rerum nihil 1, 7, 5,
rem obtineret 72, 3; 111 rebus
111111131,2·,11111111(1111-
111)3,1331.1)1’111111113,39,2.
1111111111213.
1111111113, 5, 4.
respublica: 111111111176
restituereinintegrum3, 1, 4.
1111111113,17,4.
11111111111612.
1ῗρ1111111Η111212, 3, 6.
311111011111111, 2,4.
111111, rursum 3, 38, 2.

8.

saltem 1, 6, 2.

11111 1, 22, 3.

sarcinae 1, 39, 3.

sarcinaria iumenta 1, 81, 6.

8111 1. (111111111111111111 1111
2, 33, 3.

81111, 66, 3.

8111111333, 4.

111111111332.

8111111111 6,3; 3,,.311

11111111 ad3, 78, 3.

Scribonius L'ibo1, 26, 3

1111111111 33, 1.

11111113, 46, 4.

11 11. 11 oder ipse3, 53, 3.

1111131113, 36, 1.

 

