Dmokfehlor.

S. 13 Z. 13 von 111111111 δαυτῷ 11111 11111.
,11,14, ,, ,, 4111111.
,, 18 ,, 10 ,, ,,,1111111111111111111111
‚, ιι , 14 ,, ,, 5,5, 111111 11,.ι
,, 88 ,, 15 ,, ,,111111111111111 1111111111
,,105 4 ,, , ”Τι11111,,11111 1111111.
,, ,, 1 ,, ,, ,111111111,111111111.
,,1 ,,11111111111

1,,18’,’ 14, ,, ,1110111111111111111111111

,1,’,41 11,,1111 ,‚ ’1111111111111111

,1,01,(111111,.(11111

,,111, ,,’1111,’,11ῃρ1111”11111113111111

,,119 13, , ,11111111111111111

’,,18,6 ,, ,ρ,1”ι1111ο’. 1111111111111.

’1,9,4 9, ’11111’, 11 c. 11111 111

,,10,,8 80, ,, „55, 111111 5111.

,,114 8 ,‚ oben, ”11111111111 11111 1111111111

,’,111 ι ,,

,,184 19, 11111, ”11111111 ,1111111111

,,199 83, ,,119111111111111.

,’,1ι1,, 11, , ,111111

,,315 14, , 11111,11 11111 111111.

,8,84, 3 ,, , ,”Ρ11111111Ρ111

Ausser’dem 1111111Ι11111111111111111111 11. 11111111111131111111

1111311111131111111

 

