6666166 0666 sss 6666166666.

ΚιΔ. = Kritiseher Anhang

...—

4.

6,66 661866666661666 1, 11, 4, 66
latere 1, 44,;4 eaineiner
6661666636661, 65,3.- 636)

6113330631, 33, 35.ΚῘΑ

Abkfirzungen 161666 ausge-
16663, 29, 2, 78, 5KrA

Abletiv 666 Sesd'tenamen 66666
61666 11ᾶᾶ66666 (1166166066
61666* 666666661611, 24, 4,
661 Verben der Bewegun 1,40,
1, 70, 4, 3, 37, 1, 666 363161
666666116666616666 1, 41, 2,
3, 61,1; 1161. 666 2616166666)
1, 46, 1, 461 des Umstandes
1 85 5 461. 6666612, 37 6
Abl. qu'al. 3, 4, 4.

Ablet. 66661. 66666Ρ66. 6661666-
6661636, 5, 61666 661666
8661666 6666 3662, 14, 6, 666·
6613161, 2.8

6666166663, 72, 2.

Αὲ1066ἒ166 gebrauchte Verbe 2,

66-6661, 6, 6, 6666661,48,
56. 3, 75, '1ss14

6666616, 666 66663, 24, 4.

6661616, 66 6616 66616161, 80,1.

1166666616 eines 1166666166 1161
166666616. 7666663, 17, 5, 666. 6.
161. nach 8666666116663, 31, 4.
-Μωωωῌῌ,

6666611,48,5Κ611.

66166 66161661 41, 2, 83, 1, 16
661616 (1616ιί666662, 41, 2, 66.
6661663663.

11.ΑΑ61116’63,’, 15,;6 3,,331Κ6.

66666616 66616661 27, 6.

661,,,29137,,32,13,,1
661 766666 666 Η1666666 1,

62,2, 6661616, 66 tempus 2,
19, 2, 66·- 6613,,,571 60,2;
666161 1666661 6666 3, 83, 6,
esse 31012 66666163,
14,.33, 661366666661666 1, 41,
66616666 2, 18, 6.
6666663, 36, 6.
661116666666663, 27, 2.
66 66613, 50, 1, 61161613 80,6.
066-Ἠ663166663, 26,1.
adhortari, ut(ne)1, 34, 3
Adjeetiv 66. praeposit. Aus-
drueks 1, 66, 4, Beziehung 666
Adj. 6611611666 2, 28, 2, 8661.
666 961166666662,10,1.
adigere elqm' 166 serendum 1
6616661, 74, 5.
66166666662, 38, 2.
66616166166161, 254, 2, 2,.5
6661166611, 26, 2, 3, 86, 2.
6661666663, 48, 1.
admissis 666162, 34, 3.
6666662, 44, 1.
66666166663, 71, 3.
6666666661, 21, 2.
666666661, 12, 2, 6666666
1,,,185 66166666. 3, 35,1.
116666616 (666, 661 66186666.
66663661, 49, 2, 56, 2.
66666666 remp 1666661, 2, 7,
666. 66666611, 46,1.
6666666 66611663, 30, 4, 16 66

“ adversum 3, 99, 1.

6666616161, 14, 1, 3, 108, 4.
66666662, 3,1.

aestimare 1661663, 26, 4.
1116661661, 38, 1.
agereleniusl,14,·sgereetpor
66662, 25, 2.
6366626265οΜ 404, 2, 15,1,

23*

 

