33313133 11133313 3333333333.

1311333132, 10, 1.
31133133 -ι Praesens 3, 47, 2.
Ρ3111ἕ1111313 331 -313 31. -erunt

permittere alei olqd 2, 33, 3.

permovere 1, 28, 1.

› persoribere S. C. 1, 5, 4.

perseverare 9, 14, 2.

pertinere ad 1, 9,.1.

pes: 13133 1313113 1, 44, ²3
dilus 1, 11, 3.

,Ρ3113133 1, 38, 1.
Ρ11111113ι1,6, 5.
11133 1, 46, 5.
,Ρ133 1, 3, 0.
glenus 1, 74, 71 3, 80, 5.
1333333333, 37, 5; 92, 3.
· Plural bei Collectiven 2, 6, 3;
povegt'refffi’ffiongen 1, 33, 1.
13313 2, 18, 4.
133313 (milites) 3 34, 1.
13313 (pontibus) 1, 40, 1; 131
133133 1, 61, 1.
pontones 3, 29, 3.
1313133 2, 21, 2.
porta decumana u. 1133131133,
63, 2;31131133 1,85, 8.
Porticus 2, 2, 3.
33333313 1333333 bei 131-
1111133 1113311133 1, 46, 4.
1133113313 1, 20, 4.
13 133131331113313, 86, 5.
postquam c. 1311. 3, 60, 5.
133131313 3, 83, 2.
113313133133133 3, 67, 2 KrA.
praeceps 3, 25, 1; 46, 5.
113331111313 3, 25, 1.
praecludere 131133 2, 19, 5.
133113313 1, 32, 3; 3, 106, 4.
praedicat 13 83131312, 37,4;
3, 7, 1; 01, 3.
11333333 absolut 3, 12, 1.
113313313133 1, 15,1.
1133133133 fabrum 1, 24, 4.
11133131193 5= 1133 3313113 1,47,
,2, 3, .
praefigere 2, 2, 2.
113313113133 2, 32, 2.
praemittere 2, 20, 5.
113333331313 3, 78, 2.
praeponere 3, 89, 2 KrA.

393

Praepositionelle Ausdritelse
1, 34, 31 2, 1¹1, 3.

Praesens - Futurum 3, 34, ll.

11333333 1, 29, 1.

praesertim oum 2, 39, 4Κ1Δ.

1133311133 1, 12, 3; 3, 36,
3; 73, 1; praesidio 133313 3
ξ. '¹1¹8 41, 3;11333111313113113313
1 1 ·

ΡΘ· 113331313131133133 3, 17, 5;

,1111111111111011
1 1 ·
1133131 3, 32, 41 49, 6.
praetermittere o. 131. 2, 39, 3.
11331313, 80, 3 = 1113111133-
praetores a praetoni 1, 6, 6.
1133131133 1, 76, 1.
11313313131333133, 112, 5.
1133313 2, 9, 5.
1111131, 67,2;74,7.
primipilus 1, 46, 5. ,
11133 1, 2, 2.
11133313- 111333 1, 53, 3;
(Centurio) 1, 46, 4. 5.
111311333 1, 74, 7.
11133-13333310. ·
priusquam 1, 22, 2.
pro-uls 2, 8, 1; 3, 46, 3;
11313131, 57,4;31111331 333
probatur olqd 1, 72, 4.
11331113 omnibus 3, 53, 2; od
(nieht 13) 11331133 113131331 3,
86, 2 Κ13.
profectio 1, 28, 2.
1131133133, 23, 2.
1131113313 3 1, 23, 31 311131.
1, 31, .
proicere 1, 20, 2.
113133133 2, 5, 3.
promulgare legem 3, 20, 4.
13331333 3, 32, 6.
11333333Ν3311. 1, 52, 1; 31333
folgenden Sata aulrilnoligend 1,
71, 1; 72, 1186, 1; 3, 63, 3.
11333311313 3331331133 1,
1, 3.
11311133 3333 3, 20, 3.
propugnare 2, 8, 2; 3, 27, 2.
prosequi 1, 69, 1.
proventus 2, 38, 2.
providere 3, 34, 2.

 

